CASE	NAME	        SYCT	NMIN	NMAX	CACH	CHMIN	CHMAX	PERF  ESTPERF
1	ADVISOR_32/60	125	256	6000	256	16	128	198	199
2	AMDAHL_470V/7	29	8000	32000	32	8	32	269	253
3	AMDAHL_470/7A	29	8000	32000	32	8	32	220	253
4	AMDAHL_470V/7B	29	8000	32000	32	8	32	172	253
5	AMDAHL_470V/7C	29	8000	16000	32	8	16	132	132
6	AMDAHL_470V/8	26	8000	32000	64	8	32	318	290
7	AMDAHL_580-5840	23	16000	32000	64	16	32	367	381
8	AMDAHL_580-5850	23	16000	32000	64	16	32	489	381
9	AMDAHL_580-5860	23	16000	64000	64	16	32	636	749
10	AMDAHL_580_5880	23	32000	64000	128	32	64	1144	1238
11	APOLLO_DN320	400	1000	3000	0	1	2	38	23
12	APOLLO_DN420	400	512	3500	4	1	6	40	24
13	BASF_7/65	60	2000	8000	65	1	8	92	70
14	BASF_7/68	50	4000	16000	65	1	8	138	117
15	BTI_5000	350	64	64	0	1	4	10	15
16	BTI_8000	200	512	16000	0	4	32	35	64
17	BURROUGHS_B1955	167	524	2000	8	4	15	19	23
18	BURROUGHS_B2900	143	512	5000	0	7	32	28	29
19	BURROUGHS_B2925	143	1000	2000	0	5	16	31	22
20	BURROUGHS_B4955	110	5000	5000	142	8	64	120	124
21	BURROUGHS_B5900	143	1500	6300	0	5	32	30	35
22	BURROUGHS_B5920	143	3100	6200	0	5	20	33	39
23	BURROUGHS_B6900	143	2300	6200	0	6	64	61	40
24	BURROUGHS_B6925	110	3100	6200	0	6	64	76	45
25	C.R.D._68/10-80	320	128	6000	0	1	12	23	28
26	C.R.D._UNIVERSE_2203T	320	512	2000	4	1	3	69	21
27	C.R.D._UNIVERSE_68	320	256	6000	0	1	6	33	28
28	C.R.D._UNIVERSE_68/05	320	256	3000	4	1	3	27	22
29	C.R.D._UNIVERSE_68/137	320	512	5000	4	1	5	77	28
30	C.R.D._UNIVERSE_68/37	320	256	5000	4	1	6	27	27
31	CDC_CYBER_170/750	25	1310	2620	131	12	24	274	102
32	CDC_CYBER_170/760	25	1310	2620	131	12	24	368	102
33	CDC_CYBER_170/815	50	2620	10480	30	12	24	32	74
34	CDC_CYBER_170/825	50	2620	10480	30	12	24	63	74
35	CDC_CYBER_170/835	56	5240	20970	30	12	24	106	138
36	CDC_CYBER_170/845	64	5240	20970	30	12	24	208	136
37	CDC_OMEGA_480-I	50	500	2000	8	1	4	20	23
38	CDC_OMEGA_480-II	50	1000	4000	8	1	5	29	29
39	CDC_OMEGA_480-III	50	2000	8000	8	1	5	71	44
40	CAMBEX_1636-1	50	1000	4000	8	3	5	26	30
41	CAMBEX_1636-10	50	1000	8000	8	3	5	36	41
42	CAMBEX_1641-1	50	2000	16000	8	3	5	40	74
43	CAMBEX_1641-11	50	2000	16000	8	3	6	52	74
44	CAMBEX_1651-1	50	2000	16000	8	3	6	60	74
45	DEC_DECSYS_10_1091	133	1000	12000	9	3	12	72	54
46	DEC_DECSYS_20_2060	133	1000	8000	9	3	12	72	41
47	DEC_MICROVAX-1	810	512	512	8	1	1	18	18
48	DEC_VAX_11/730	810	1000	5000	0	1	1	20	28
49	DEC_VAX_11/750	320	512	8000	4	1	5	40	36
50	DEC_VAX_11/780	200	512	8000	8	1	8	62	38
51	DG_ECLIPSE_C/350	700	384	8000	0	1	1	24	34
52	DG_ECLIPSE_M/600	700	256	2000	0	1	1	24	19
53	DG_ECLIPSE_MV/1000	140	1000	16000	16	1	3	138	72
54	DG_ECLIPSE_MV/4000	200	1000	8000	0	1	2	36	36
55	DG_ECLIPSE_MV/6000	110	1000	4000	16	1	2	26	30
56	DG_ECLIPSE_MV/8000	110	1000	12000	16	1	2	60	56
57	DG_ECLIPSE_MV/8000_II	220	1000	8000	16	1	2	71	42
58	FORMATION_F4000/100	800	256	8000	0	1	4	12	34
59	FORMATION_F4000/200	800	256	8000	0	1	4	14	34
60	FORMATION_F4000/200AP	800	256	8000	0	1	4	20	34
61	FORMATION_F4000/300	800	256	8000	0	1	4	16	34
62	FORMATION_F4000/300AP	800	256	8000	0	1	4	22	34
63	FOUR_PHASE_2000/260	125	512	1000	0	8	20	36	19
64	GOULD_CONCEPT_32/8705	75	2000	8000	64	1	38	144	75
65	GOULD_CONCEPT_32/8750	75	2000	16000	64	1	38	144	113
66	GOULD_CONCEPT_32/8780	75	2000	16000	128	1	38	259	157
67	HP_3000/30	90	256	1000	0	3	10	17	18
68	HP_3000/40	105	256	2000	0	3	10	26	20
69	HP_3000/44	105	1000	4000	0	3	24	32	28
70	HP_3000/48	105	2000	4000	8	3	19	32	33
71	HP_3000/64	75	2000	8000	8	3	24	62	47
72	HP_3000/88	75	3000	8000	8	3	48	64	54
73	HP_3000/III	175	256	2000	0	3	24	22	20
74	HARRIS_100	300	768	3000	0	6	24	36	23
75	HARRIS_300	300	768	3000	6	6	24	44	25
76	HARRIS_500	300	768	12000	6	6	24	50	52
77	HARRIS_600	300	768	4500	0	1	24	45	27
78	HARRIS_700	300	384	12000	6	1	24	53	50
79	HARRIS_80	300	192	768	6	6	24	36	18
80	HARRIS_800	180	768	12000	6	1	31	84	53
81	HONEYWELL_DPS_6/35	330	1000	3000	0	2	4	16	23
82	HONEYWELL_DPS_6/92	300	1000	4000	8	3	64	38	30
83	HONEYWELL_DPS_6/96	300	1000	16000	8	2	112	38	73
84	HONEYWELL_DPS_7/35	330	1000	2000	0	1	2	16	20
85	HONEYWELL_DPS_7/45	330	1000	4000	0	3	6	22	25
86	HONEYWELL_DPS_7/55	140	2000	4000	0	3	6	29	28
87	HONEYWELL_DPS_7/65	140	2000	4000	0	4	8	40	29
88	HONEYWELL_DPS_8/44	140	2000	4000	8	1	20	35	32
89	HONEYWELL_DPS_8/49	140	2000	32000	32	1	20	134	175
90	HONEYWELL_DPS_8/50	140	2000	8000	32	1	54	66	57
91	HONEYWELL_DPS_8/52	140	2000	32000	32	1	54	141	181
92	HONEYWELL_DPS_8/62	140	2000	32000	32	1	54	189	181
93	HONEYWELL_DPS_8/20	140	2000	4000	8	1	20	22	32
94	IBM_3033_S	57	4000	16000	1	6	12	132	82
95	IBM_3033_U	57	4000	24000	64	12	16	237	171
96	IBM_3081	26	16000	32000	64	16	24	465	361
97	IBM_3081_D	26	16000	32000	64	8	24	465	350
98	IBM_3083_B	26	8000	32000	0	8	24	277	220
99	IBM_3083_E	26	8000	16000	0	8	16	185	113
100	IBM_370/125-2	480	96	512	0	1	1	6	15
101	IBM_370/148	203	1000	2000	0	1	5	24	21
102	IBM_370/158-3	115	512	6000	16	1	6	45	35
103	IBM_38/3	1100	512	1500	0	1	1	7	18
104	IBM_38/4	1100	768	2000	0	1	1	13	20
105	IBM_38/5	600	768	2000	0	1	1	16	20
106	IBM_38/7	400	2000	4000	0	1	1	32	28
107	IBM_38/8	400	4000	8000	0	1	1	32	45
108	IBM_4321	900	1000	1000	0	1	2	11	18
109	IBM_4331-1	900	512	1000	0	1	2	11	17
110	IBM_4331-11	900	1000	4000	4	1	2	18	26
111	IBM_4331-2	900	1000	4000	8	1	2	22	28
112	IBM_4341	900	2000	4000	0	3	6	37	28
113	IBM_4341-1	225	2000	4000	8	3	6	40	31
114	IBM_4341-10	225	2000	4000	8	3	6	34	31
115	IBM_4341-11	180	2000	8000	8	1	6	50	42
116	IBM_4341-12	185	2000	16000	16	1	6	76	76
117	IBM_4341-2	180	2000	16000	16	1	6	66	76
118	IBM_4341-9	225	1000	4000	2	3	6	24	26
119	IBM_4361-4	25	2000	12000	8	1	4	49	59
120	IBM_4361-5	25	2000	12000	16	3	5	66	65
121	IBM_4381-1	17	4000	16000	8	6	12	100	101
122	IBM_4381-2	17	4000	16000	32	6	12	133	116
123	IBM_8130_A	1500	768	1000	0	0	0	12	18
124	IBM_8130_B	1500	768	2000	0	0	0	18	20
125	IBM_8140	800	768	2000	0	0	0	20	20
126	IPL_4436	50	2000	4000	0	3	6	27	30
127	IPL_4443	50	2000	8000	8	3	6	45	44
128	IPL_4445	50	2000	8000	8	1	6	56	44
129	IPL_4446	50	2000	16000	24	1	6	70	82
130	IPL_4460	50	2000	16000	24	1	6	80	82
131	IPL_4480	50	8000	16000	48	1	10	136	128
132	MAGNUSON_M80/30	100	1000	8000	0	2	6	16	37
133	MAGNUSON_M80/31	100	1000	8000	24	2	6	26	46
134	MAGNUSON_M80/32	100	1000	8000	24	3	6	32	46
135	MAGNUSON_M80/42	50	2000	16000	12	3	16	45	80
136	MAGNUSON_M80/43	50	2000	16000	24	6	16	54	88
137	MAGNUSON_M80/44	50	2000	16000	24	6	16	65	88
138	MICRODATA_SEQ.MS/3200	150	512	4000	0	8	128	30	33
139	NAS_AS/3000	115	2000	8000	16	1	3	50	46
140	NAS_AS/3000_N	115	2000	4000	2	1	5	40	29
141	NAS_AS/5000	92	2000	8000	32	1	6	62	53
142	NAS_AS/5000_E	92	2000	8000	32	1	6	60	53
143	NAS_AS/5000_N	92	2000	8000	4	1	6	50	41
144	NAS_AS/6130	75	4000	16000	16	1	6	66	86
145	NAS_AS/6150	60	4000	16000	32	1	6	86	95
146	NAS_AS/6620	60	2000	16000	64	5	8	74	107
147	NAS_AS/6630	60	4000	16000	64	5	8	93	117
148	NAS_AS/6650	50	4000	16000	64	5	10	110	119
149	NAS_AS/7000	72	4000	16000	64	8	16	143	120
150	NAS_AS/7000_N	72	2000	8000	16	6	8	105	48
151	NAS_AS/8040	40	8000	16000	32	8	16	214	126
152	NAS_AS/8050	40	8000	32000	64	8	24	277	266
153	NAS_AS/8060	35	8000	32000	64	8	24	370	270
154	NAS_AS/9000_DPC	38	16000	32000	128	16	32	510	426
155	NAS_AS/9000_N	48	4000	24000	32	8	24	214	151
156	NAS_AS/9040	38	8000	32000	64	8	24	326	267
157	NAS_AS/9060	30	16000	32000	256	16	24	510	603
158	NCR_V8535_II	112	1000	1000	0	1	4	8	19
159	NCR_V8545_II	84	1000	2000	0	1	6	12	21
160	NCR_V8555_II	56	1000	4000	0	1	6	17	26
161	NCR_V8565_II	56	2000	6000	0	1	8	21	35
162	NCR_V8565_II_E	56	2000	8000	0	1	8	24	41
163	NCR_V8575_II	56	4000	8000	0	1	8	34	47
164	NCR_V8585_II	56	4000	12000	0	1	8	42	62
165	NCR_V8595_II	56	4000	16000	0	1	8	46	78
166	NCR_V8635	38	4000	8000	32	16	32	51	80
167	NCR_V8650	38	4000	8000	32	16	32	116	80
168	NCR_V8635	38	8000	16000	64	4	8	100	142
169	NCR_V8665	38	8000	24000	160	4	8	140	281
170	NCR_V8670	38	4000	16000	128	16	32	212	190
171	NIXDORF_8890/30	200	1000	2000	0	1	2	25	21
172	NIXDORF_8890/50	200	1000	4000	0	1	4	30	25
173	NIXDORF_8890/70	200	2000	8000	64	1	5	41	67
174	PERKIN-ELMER_3205	250	512	4000	0	1	7	25	24
175	PERKIN-ELMER_3210	250	512	4000	0	4	7	50	24
176	PERKIN-ELMER_3230	250	1000	16000	1	1	8	50	64
177	PRIME_50-2250	160	512	4000	2	1	5	30	25
178	PRIME_50-250_II	160	512	2000	2	3	8	32	20
179	PRIME_50-550_II	160	1000	4000	8	1	14	38	29
180	PRIME_50-750_II	160	1000	8000	16	1	14	60	43
181	PRIME_50-850_II	160	2000	8000	32	1	13	109	53
182	SIEMENS_7.521	240	512	1000	8	1	3	6	19
183	SIEMENS_7.531	240	512	2000	8	1	5	11	22
184	SIEMENS_7.536	105	2000	4000	8	3	8	22	31
185	SIEMENS_7.541	105	2000	6000	16	6	16	33	41
186	SIEMENS_7.551	105	2000	8000	16	4	14	58	47
187	SIEMENS_7.561	52	4000	16000	32	4	12	130	99
188	SIEMENS_7.865-2	70	4000	12000	8	6	8	75	67
189	SIEMENS_7.870-2	59	4000	12000	32	6	12	113	81
190	SIEMENS_7.872-2	59	8000	16000	64	12	24	188	149
191	SIEMENS_7.875-2	26	8000	24000	32	8	16	173	183
192	SIEMENS_7.880-2	26	8000	32000	64	12	16	248	275
193	SIEMENS_7.881-2	26	8000	32000	128	24	32	405	382
194	SPERRY_1100/61_H1	116	2000	8000	32	5	28	70	56
195	SPERRY_1100/81	50	2000	32000	24	6	26	114	182
196	SPERRY_1100/82	50	2000	32000	48	26	52	208	227
197	SPERRY_1100/83	50	2000	32000	112	52	104	307	341
198	SPERRY_1100/84	50	4000	32000	112	52	104	397	360
199	SPERRY_1100/93	30	8000	64000	96	12	176	915	919
200	SPERRY_1100/94	30	8000	64000	128	12	176	1150	978
201	SPERRY_80/3	180	262	4000	0	1	3	12	24
202	SPERRY_80/4	180	512	4000	0	1	3	14	24
203	SPERRY_80/5	180	262	4000	0	1	3	18	24
204	SPERRY_80/6	180	512	4000	0	1	3	21	24
205	SPERRY_80/8	124	1000	8000	0	1	8	42	37
206	SPERRY_90/80_MODEL_3	98	1000	8000	32	2	8	46	50
207	STRATUS_32	125	2000	8000	0	2	14	52	41
208	WANG_VS10	480	512	8000	32	0	0	67	47
209	WANG_VS_90	480	1000	4000	0	0	0	45	25
